$ANSIBLE_VAULT;1.1;AES256
30313434363663653134343731393664616135343130313332343962376536386366366564316364
3936396436623863396137386464343661383462313161610a356237333463643434333131346564
36653266386432353634303137393539316436656330326232663234646666646662643538363439
6534383933626265650a373664303639333532336531393239326362633130336531663865643265
34366336653237376631393936353034343332613461383566666136323766313935653131313231
63663364303932666465366131366264323632386630663963616665656436636339343666653664
63326464306232303832343465323438333762393065376236356337313335636361313237393163
37376530383932363737613766646164613464386661613766353661356436313431623766623962
39333263333532366135633136663832656565663238633532383430383332393364663761353062
34326638336539383038313161663739363336633765646463336462336134643733336230653730
64313530616464336631323639663634336262666435636366313665313661303033313736383933
64623932643566323861396566346532633332303530353239626633613662303136353365343737
30633661616666626264316437376137623234646434663636653230383565663139313061323933
64616536346464316534623138373935613562303262373564383033323138613932326639386663
33316335393764623461346162643564333862323561396562313636373537333533386330306237
32393731656436353465376662306162313766623732306638616437313537656530343831326130
64323830306534623932653762333035343030616434616338376635383364336664
